34.11	0.558355
33.691	0.786054
33.393	0.822825
33.336	0.935758
33.271	0.559397
33.234	0.667842
33.035	0.766801
33.019	0.850529
33.014	0.740382
32.95	0.408742
32.761	0.559224
32.748	0.675578
32.715	0.751575
32.585	0.765361
32.547	0.460775
32.473	0.632928
32.34	0.339028
32.328	0.465636
32.318	0.547566
32.309	0.642255
32.243	0.736716
32.131	0.824927
32.122	0.899702
32.075	0.954326
31.824	0.872953
31.82	0.617867
31.815	0.318532
31.656	0.309917
	
	
	
	
	
	
	
	
	
	
	
	
	
	
	


		
		
		
		
		
		
		
		
		
		
		
		
		
		
		
		
		
		
		
		
		
		
		
		
		
		
		
		
		
		
		
		
		
		
		
		
		
		
		
		
		
		
		
		
		
		
		
		
		
		
		
		
		
		
		
		
		
		
		
		
		
		
		
		
		
		
		
		
		
		
		
		
		
		
		
		
		
		
		
		
		
		
		
		
		
		
		
		
		
		
