33.444	0.954568
33.3962	0.894008
33.3892	0.784352
33.3784	0.645317
33.3747	0.612709
33.3655	0.500776
33.3541	0.385724
33.248	0.593371
33.2355	0.583447
33.2201	0.585288
33.1673	0.482184
33.1523	0.674672
33.1492	0.506541
33.1303	0.989652
33.1239	0.781422
33.1011	0.517351
33.0828	0.617135
33.0453	0.776828
33.0043	0.788532
33.0043	0.633193
32.9983	0.763556
32.989	0.50092
32.9854	0.614637
32.9638	0.551124
32.9614	0.476432
32.9609	0.753322
32.94	0.662794
32.9279	0.558316
32.8837	0.466712
32.8797	0.369831
32.8704	0.596639
32.8621	0.551905
32.734	0.437199
32.721	0.725096
32.7135	0.608216
32.711	0.503064
32.7101	0.386925
32.7042	0.288503
32.6946	0.20743
32.6866	0.429579
32.6749	0.314734
32.6721	0.220454
32.6561	0.146308
32.617	0.194529
32.6031	0.437391
32.5888	0.758481
32.5717	0.629724
32.549	0.478671
32.5011	0.321286


		
		
		
		
		
		
		
		
		
		
		
		
		
		
		
		
		
		
		
		
		
		
		
		
		
		
		
		
		
		
		
		
		
		
		
		
		
		
		
		
		
		
		
		
		
		
		
		
		
		
		
		
		
		
		
		
		
		
		
		
		
		
		
		
		
		
		
		
		
		
		
		
		
		
		
		
		
		
		
		
		
		
		
		
		
		
		
		
		
		
