
     31.815           0.410 
     31.820           0.546
     32.013           0.680 
     32.021           0.798
     32.076           0.890
     32.121           0.873
     32.167           0.781 
     32.173           0.680
     32.210           0.967
     32.243           0.886
     32.328           0.833
     32.328           0.826 
     32.340           0.976
     32.408           0.933
     32.473           0.726
     32.502           0.884
     32.513           0.975
     32.530           0.936
     32.548           0.867
     32.581           0.777
     32.584           0.675
     32.588           0.857
     32.598           0.785
     32.631           0.705
     32.698           0.622
     32.705           0.886
     32.715           0.851
     32.719           0.765
     32.722           0.668
     32.733           0.569
     32.747           0.473
     32.775           0.384
     32.810           0.305
     32.914           0.236
     32.916           0.468
     32.920           0.374
     32.950           0.290
     32.957           0.219
     32.962           0.444
     33.013           0.645 
     33.021           0.424
     33.033           0.514
     33.033           0.833
     33.097           0.713
     33.233           0.905
     33.241           1.000
     33.246           0.998
     33.336           0.856
     33.393           0.482
     33.534           0.450
     33.604           0.220
     33.651           0.201
     33.691           0.369
  



   
   
 
 
 
 
 
 

























































 
 
 
 
 
 
  
 
 
 
 
 
 
 
 
 
 
 
 
 
 
 
 
 
 
 
 
 
 
 
 
 
 
 
 
 




  
  
  
  
  
  
  
  
  
  
  
  
  
  
  
  
  
  
  
  
  
  
  
  
  
  
  
  
  
  
  
  
  
  
  
  
  
  
  
  
  
  
  
  
  
  
  
  
  
  



     

























































 
     
   
 
 
 
 
 
 
 
 
 
 
 
 
 
 
 
 
 
 
 
 
 
 
 
 
 
 
 
 
 
 
 
 
 
 
 
 
 
 
 
 
 
 
 
 
 
 
 
 
 
 
 
 
 


































 
 
 
 
 
 
 
 
 
 
 
 
 
 
 
 
 
 
 
 
 
 

  
  
  
  
  
  
  
  
  
  
  
  
  
  
  
  
  
  
  
  
  
  
  
  
  
  
  
  
  
  
  
  
  
  
  
  
  
  
  
  
  
  
  
  
  
  
  
  
  
  
  
  





































































































