34.2240	0.870339
33.7990	0.900686	
33.4740	0.802008	
33.2740	0.805977	
33.1440	0.75259
33.1240	0.786172
33.0840	0.737417
33.0440	0.687398	
33.0270	0.740775
33.0140	0.701963
32.9590	0.693719	
32.9140	0.175181
32.8840	0.106231
32.8540	0.150794
32.8240	0.283351
32.8090	0.28926
32.7240	0.122977
32.7190	0.326176
32.7040	0.312056
32.6640	0.282415
32.6540	0.495455
32.6440	0.521541
32.6240	0.535276
32.5790	0.778794	
32.5690	0.579098
32.5640	0.583022
32.5340	0.836272
32.5320	0.711849
32.5140	0.480156
32.4790	0.749659
32.4640	0.473807
32.4437	0.392752
32.4410	0.484488
32.4240	0.568406
32.4140	0.496549
32.3890	0.357328
32.3860	0.247585
32.3840	0.431526
32.3040	0.29763
32.2990	0.201462
32.2840	0.260051
32.2740	0.458214
32.2540	0.623136
32.2340	0.329164
32.2140	0.284113
32.1340	0.4314
32.1240	0.567734
32.0840	0.550599
32.0140	0.650926
32.0040	0.847523
31.9840	0.784649
31.9740	0.832336
31.9540	0.655185
31.9040	0.550701
31.8290	0.450399
31.8240	0.339972
31.7390	0.240843
31.7240	0.156192
